(( 0.05, 0.072527248782958, 0.30185771863223, 3.4537972970423), Ceramic )
(( 0.17537126021964, 0.15, 0.60770162100646, 3.6798798029003), Plastic )
(( 0.095396528010503, 0.1073508048413, 0.44914845434442, 3.7125280342795), Metal )
(( 0.061265079660704, 0.03, 0.13464333331359, 1.8221710023221), Ceramic )
(( 0.076167008839343, 0.072996399347331, 0.37303726855849, 2.3515980775292), Ceramic )
(( 0.089635333998389, 0.1049001633107, 0.22588634382788, 2.6940371713158), Plastic )
(( 0.076467045468859, 0.03, 0.23011910676905, 3.1737380102807), Ceramic )
(( 0.07959063479199, 0.077508124771247, 0.28893486301583, 2.0099526885248), Metal )
(( 0.13713424341664, 0.1343701614569, 0.41300019683368, 2.2996791609584), Plastic )
(( 0.12084334431434, 0.059141656703187, 0.46776809810391, 2.6872599986822), Ceramic )
(( 0.12071908936681, 0.099357555978828, 0.74474562421348, 4.4388012067659), Ceramic )
(( 0.14948784706672, 0.10954134168431, 0.38004298646098, 2.5953867928565), Plastic )
(( 0.13819189135409, 0.1103280501156, 0.75, 2.8767168678919), Ceramic )
(( 0.082965578628383, 0.078087857680094, 0.25059370291729, 3.5600936079806), Metal )
(( 0.09442299845526, 0.11009195378581, 0.66610240392935, 4.1304180057041), Ceramic )
(( 0.1257215470902, 0.075329092578857, 0.25142671865802, 3.2648094368402), Plastic )
(( 0.15260093243981, 0.15, 0.51500250254195, 3.6317266935883), Plastic )
(( 0.14377853247971, 0.11001499019926, 0.75, 4.4659975692543), Ceramic )
(( 0.053111749864273, 0.03, 0.14653639871497, 3.2400843369296), Ceramic )
(( 0.067518746554733, 0.035325988820993, 0.1, 4.8950158271275), Ceramic )
(( 0.12795582578832, 0.042860140724054, 0.19650959944384, 3.4312876213435), Plastic )
(( 0.082883759494782, 0.03, 0.16659212125245, 4.0643478135358), Ceramic )
(( 0.11625286657285, 0.094504816298383, 0.6882648177307, 3.4007871824722), Ceramic )
(( 0.07598576904468, 0.056679928253609, 0.21565245097286, 3.5632312578202), Metal )
(( 0.064559099550601, 0.03, 0.12706005230253, 2.02979084615), Ceramic )
(( 0.09983497716674, 0.1034393925074, 0.42051027138636, 2.4095148537599), Metal )
(( 0.11269141344595, 0.15, 0.40812886387933, 2.5009040816549), Plastic )
(( 0.05592222824495, 0.068912655983038, 0.26690293720367, 2.0480176404854), Ceramic )
(( 0.082637405103794, 0.076865687819242, 0.28743156828101, 2.9411816228334), Metal )
(( 0.085729010731548, 0.10334906242295, 0.58446636126423, 3.436579843616), Ceramic )
(( 0.12384173845572, 0.15, 0.38441744666482, 3.2119080792309), Plastic )
(( 0.12729818342634, 0.11907151036346, 0.3655469551527, 2.1634522368928), Plastic )
(( 0.123030994545, 0.11247787961756, 0.25379250055347, 5.173587255075), Plastic )
(( 0.10127330728721, 0.10417740366171, 0.4630932822031, 2.5194584814104), Metal )
(( 0.078193159203409, 0.081816409045039, 0.27719869638726, 2.922992244804), Metal )
(( 0.072148491323596, 0.03, 0.1, 4.7930351280573), Metal )
(( 0.06915722053281, 0.055073381475554, 0.17440490342955, 3.3616588388161), Metal )
(( 0.085790151819537, 0.050872239755774, 0.23337806792991, 1.9621163462231), Ceramic )
(( 0.13846495220534, 0.079135181865735, 0.67171146331535, 5.3970654314954), Ceramic )
(( 0.10092574795896, 0.041446489669618, 0.23959161540435, 4.1382721128777), Ceramic )
(( 0.053922639887116, 0.03, 0.1, 4.9049906186651), Metal )
(( 0.18002026654656, 0.15, 0.60740529969025, 3.1546947490063), Plastic )
(( 0.11489008095891, 0.08777612577927, 0.66686816562607, 1.3920206449831), Ceramic )
(( 0.05338189821559, 0.060823326712153, 0.20421264623416, 2.9350617229383), Ceramic )
(( 0.056224736088584, 0.047467039449283, 0.124955168469, 4.8215110351156), Metal )
(( 0.05, 0.046128602940945, 0.12686684532216, 2.5935463513487), Metal )
(( 0.054114894260845, 0.03, 0.12413575787554, 2.7062523301517), Ceramic )
(( 0.14088171316407, 0.15, 0.49120069482, 2.3726098919555), Plastic )
(( 0.096946821829101, 0.13953609733286, 0.75, 4.6389057303583), Ceramic )
(( 0.13178674824994, 0.11994779761075, 0.75, 3.5996264763151), Ceramic )
(( 0.12951700651113, 0.13512810964826, 0.3347320990822, 1.748247311692), Plastic )
(( 0.091016457960621, 0.085387114103197, 0.49894902376041, 3.6203498445325), Ceramic )
(( 0.10441091746143, 0.11324460686428, 0.75, 4.9934211847568), Ceramic )
(( 0.13644577032129, 0.119946915761, 0.44079297931843, 2.348618647331), Plastic )
(( 0.096693942221455, 0.07453236832372, 0.45615202958632, 3.6864001615831), Ceramic )
(( 0.16847342367523, 0.15, 0.5986770658413, 2.4369226899278), Plastic )
(( 0.089696097425008, 0.090463763024586, 0.52777921167757, 4.44674898974), Ceramic )
(( 0.083541252313692, 0.096024471310412, 0.39004128334832, 1.0305871968709), Metal )
(( 0.063967488272289, 0.040204825563685, 0.11344639612637, 1.1480567920272), Metal )
(( 0.08728106529836, 0.079038033007976, 0.30376450525923, 3.9796810591206), Metal )
(( 0.05, 0.03, 0.118069349212, 3.4383658932698), Metal )
(( 0.13395417020717, 0.11792988902316, 0.75, 3.9464530431065), Ceramic )
(( 0.0737554437122, 0.072208309285323, 0.23537878819963, 2.6379406502517), Metal )
(( 0.1231956476793, 0.10993007654952, 0.55218222072578, 3.3268251262306), Metal )
(( 0.050520803105052, 0.03, 0.1, 3.0394169324156), Metal )
(( 0.065260950649223, 0.058392877872215, 0.25650098488371, 2.9976128416724), Ceramic )
(( 0.12526000344022, 0.10745320164959, 0.32763931007274, 2.5839776035066), Plastic )
(( 0.085269929865209, 0.07261851402016, 0.28119355684324, 3.2815655306363), Metal )
(( 0.05, 0.050239490483236, 0.13491465664867, 2.8145304234561), Metal )
(( 0.054001344762978, 0.055341879004422, 0.16487008645536, 2.8963928457004), Metal )
(( 0.064190067995497, 0.077795174128329, 0.21547192797714, 1.551211249616), Metal )
(( 0.12444642271383, 0.082064710583699, 0.27088036381362, 2.1429306116684), Plastic )
(( 0.098832064835246, 0.052139567792118, 0.37928134956834, 1.9792339221131), Ceramic )
(( 0.079532554063403, 0.060651839343578, 0.24496413605778, 4.2407579031457), Metal )
(( 0.10000427131814, 0.12311349595709, 0.75, 3.4453166888881), Ceramic )
(( 0.12662506208428, 0.1355023611949, 0.75, 3.4273438217751), Ceramic )
(( 0.10210272416064, 0.10724753804472, 0.71288564605087, 3.3929024245851), Ceramic )
(( 0.092258126303616, 0.03, 0.19503437294061, 4.6292545814078), Ceramic )
(( 0.14387153667861, 0.10159334892783, 0.31788843295425, 3.0995451251587), Plastic )
(( 0.1025077685454, 0.064600100834315, 0.39873540568362, 2.7320066961432), Ceramic )
(( 0.070235722524302, 0.062370381903161, 0.24699848549241, 4.8522039553551), Metal )
(( 0.1407972799795, 0.1376446704578, 0.40516630674612, 1.220029275823), Plastic )
(( 0.088791600139157, 0.12499839616228, 0.68390386353245, 3.3362782551103), Ceramic )
(( 0.088590778436476, 0.13065810828543, 0.7204227404539, 2.6583460579648), Ceramic )
(( 0.10487323600194, 0.077293766920048, 0.34908776191632, 4.823706900351), Metal )
(( 0.15616378771626, 0.085526610540484, 0.3361921076334, 1.7264736077553), Plastic )
(( 0.18595005751771, 0.11845455830554, 0.46073584871705, 2.2702520177949), Plastic )
(( 0.067117017514742, 0.094261051001864, 0.29645414816987, 2.8097941813717), Metal )
(( 0.15229398101916, 0.15, 0.53175437559421, 3.6585338271739), Plastic )
(( 0.093563408573957, 0.070310768516525, 0.31828998826784, 5.125105454547), Metal )
(( 0.15211135148175, 0.15, 0.49220192419628, 1.685845300148), Plastic )
(( 0.21042901666462, 0.15, 0.7329664626178, 4.5098066605974), Plastic )
(( 0.094687010132851, 0.032536836166663, 0.1509691032584, 3.0288872611158), Metal )
(( 0.1224294744829, 0.066047916907563, 0.2146963018273, 2.0460508434456), Plastic )
(( 0.18481147645956, 0.15, 0.56999337716153, 3.9701378634318), Plastic )
(( 0.13951034536483, 0.15, 0.4676974494876, 3.3375735498637), Plastic )
(( 0.12187390743658, 0.12991038013094, 0.65075605165688, 2.4191603614896), Metal )
(( 0.15763388703419, 0.15, 0.55985450292252, 4.0721640253934), Plastic )
(( 0.098315639970549, 0.081762564110013, 0.1499898992345, 2.5985597597772), Plastic )
(( 0.07, 0.033057340336615, 0.14715773352061, 2.0570877096359), Plastic )
(( 0.1563628545769, 0.07983935650809, 0.23196717134047, 1.2574421507462), Plastic )
(( 0.16710347566706, 0.15, 0.6036160912956, 3.0429580837829), Plastic )
(( 0.087894137863087, 0.11151534905596, 0.40119530396525, 2.9096408895569), Metal )
(( 0.17952076580563, 0.15, 0.58594444063721, 2.3040344848813), Plastic )
(( 0.05130924091221, 0.032472627790941, 0.1, 2.2996959558643), Metal )
(( 0.11873059405186, 0.15, 0.37911747650844, 2.9147565585902), Plastic )
(( 0.12604758412289, 0.13340383295212, 0.69289361942173, 2.5141630012481), Metal )
(( 0.097270840844254, 0.058536712427323, 0.24524314837659, 1.7075714505165), Metal )
(( 0.094402743241878, 0.051188998954518, 0.14369004006792, 1.7240436246962), Plastic )
(( 0.050348263976768, 0.089402789951384, 0.18140996842351, 3.5094030008099), Metal )
(( 0.11425862087826, 0.10546514170873, 0.29832531337295, 3.0949348338218), Plastic )
(( 0.081051342850996, 0.040650749026967, 0.13161942136067, 5.027896069333), Metal )
(( 0.11353323363035, 0.12210994995291, 0.57326702143603, 2.9950269178289), Metal )
(( 0.088544640104616, 0.094386059099689, 0.33577730873572, 3.5127800391755), Metal )
(( 0.05, 0.031410668758259, 0.1, 3.0840343918047), Metal )
(( 0.067973389781152, 0.060994626081757, 0.20964966776509, 4.9094558040764), Metal )
(( 0.09551069520247, 0.069451373839337, 0.27626081023943, 2.296427219332), Metal )
(( 0.09230968968288, 0.072632433372873, 0.33053193740509, 4.4317158843239), Metal )
(( 0.073385698734858, 0.050350462731832, 0.19003981724281, 6.0526052011456), Metal )
(( 0.088792296180824, 0.079237674428093, 0.31042780225996, 2.0928465428891), Metal )